4 5 8 533 3845 5
4 5 7 212 1562 5
4 5 8 1033 6834 5
4 5 8 293 2039 5
4 5 7 124 942 5
4 5 6 29 236 5
4 5 7 129 949 5
4 5 7 131 947 5
4 5 7 978 6580 4
4 5 8 1942 13197 4
4 5 7 177 1282 5
4 5 6 22 165 5
4 5 6 203 1310 4
4 5 8 276 2026 5
4 5 6 30 226 4
4 5 7 126 952 5
4 5 7 108 841 5
4 5 4 4 30 4
4 5 6 21 148 5
4 5 8 1052 7607 5
4 5 7 327 1678 3
4 5 4 15 97 3
4 5 7 112 831 5
4 5 5 5 44 5
4 5 7 62 473 5
4 5 6 24 199 5
4 5 5 35 221 3
4 5 7 111 811 5
4 5 7 133 963 5
4 5 5 10000 56295 3
4 5 5 18 133 4
4 5 7 113 827 5
4 5 7 166 1278 5
4 5 8 125 785 5
4 5 8 1079 6893 4
4 5 9 2343 16276 5
4 5 7 372 2710 5
4 5 7 100 735 5
4 5 7 119 899 5
4 5 6 34 276 5
4 5 8 595 4017 5
4 5 6 29 242 5
4 5 8 445 3093 5
4 5 5 22 171 4
4 5 6 45 355 5
4 5 3 3 22 3
4 5 3 3 19 3
4 5 10 8687 58253 5
4 5 8 555 3763 5
4 5 8 291 2008 5
4 5 8 287 2015 5
4 5 7 71 476 5
4 5 4 4 30 4
4 5 6 16 126 5
4 5 7 64 411 5
4 5 6 19 153 5
4 5 7 124 798 5
4 5 6 125 893 4
4 5 7 66 499 5
4 5 7 96 700 5
4 5 7 253 1800 4
4 5 5 21 166 4
4 5 5 5 44 5
4 5 4 4 33 4
4 5 7 136 1008 5
4 5 6 33 220 4
4 5 6 22 195 5
4 5 6 18 133 5
4 5 7 67 501 5
4 5 6 32 257 5
4 5 7 230 1619 5
4 5 9 1103 8012 5
4 5 7 112 828 5
4 5 8 576 3964 5
4 5 6 46 345 5
4 5 8 4367 26948 4
4 5 5 17 128 4
4 5 8 541 3858 5
4 5 8 839 6089 5
4 5 7 110 824 5
4 5 5 20 149 4
4 5 6 43 318 5
4 5 6 23 155 5
4 5 6 26 182 5
4 5 9 7843 55290 5
4 5 9 2317 14703 4
4 5 7 288 1999 4
4 5 9 2464 15924 4
4 5 5 27 202 4
4 5 7 175 1341 5
4 5 7 127 999 5
4 5 9 6521 45110 5
4 5 8 989 7010 5
4 5 7 963 6472 4
4 5 5 5 41 5
4 5 6 32 257 5
4 5 8 2043 11977 4
4 5 7 236 1709 5
4 5 8 501 3817 5
4 5 8 483 3541 5
4 5 8 1891 13032 5
4 5 7 103 711 5
4 5 8 6974 42017 4
4 5 7 144 1030 5
4 5 7 278 1874 4
4 5 6 19 150 5
4 5 7 569 3719 4
4 5 7 207 1567 5
4 5 7 99 760 5
4 5 8 1073 7841 5
4 5 7 239 1685 5
4 5 7 105 808 5
4 5 7 112 834 5
4 5 6 31 237 5
4 5 8 3417 21838 4
4 5 7 182 1400 5
4 5 5 18 118 4
4 5 8 1037 7796 5
4 5 7 68 506 5
4 5 8 522 3805 5
4 5 8 575 4034 5
4 5 5 19 141 4
4 5 8 415 2865 5
4 5 6 10000 60642 5
4 5 8 510 3559 5
4 5 7 125 944 5
4 5 7 59 476 5
4 5 7 116 848 5
4 5 8 812 6152 5
4 5 8 7240 44112 4
4 5 8 595 4110 5
4 5 6 14 86 5
4 5 8 265 1887 5
4 5 7 122 935 5
4 5 7 65 482 5
4 5 6 18 136 5
4 5 6 30 232 5
4 5 5 12 91 4
4 5 8 729 5284 5
4 5 9 4292 29864 5
4 5 7 101 734 5
4 5 5 17 134 4
4 5 7 37 279 5
4 5 8 290 1922 5
4 5 7 199 1548 5
4 5 6 229 1548 4
4 5 7 10000 64962 5
4 5 8 1363 9657 5
4 5 7 121 921 5
4 5 7 259 1827 5
4 5 7 101 686 5
4 5 5 5 44 5
4 5 7 110 824 5
4 5 8 1110 7291 4
4 5 8 588 3919 5
4 5 7 119 926 5
4 5 8 254 1892 5
4 5 8 1013 7448 5
4 5 8 709 5091 5
4 5 5 18 121 4
4 5 7 220 1632 5
4 5 7 136 945 5
4 5 8 1371 9904 5
4 5 8 1053 7948 5
4 5 6 20 155 5
4 5 8 1808 11633 5
4 5 5 12 91 4
4 5 7 98 758 5
4 5 7 121 906 5
4 5 7 107 755 5
4 5 4 4 33 4
4 5 5 13 99 4
4 5 9 1818 13468 5
4 5 7 116 848 5
4 5 7 108 787 5
4 5 6 19 147 5
4 5 4 4 30 4
4 5 8 1076 7547 5
4 5 6 21 166 5
4 5 7 90 679 5
4 5 6 19 126 5
4 5 9 8221 53901 4
4 5 8 2048 11942 4
4 5 7 66 502 5
4 5 7 64 486 5
4 5 8 1094 6611 5
4 5 7 208 1542 5
4 5 6 18 112 5
4 5 7 380 2483 5
4 5 7 260 1874 5
4 5 7 122 929 5
4 5 7 66 448 5
