5 6 8 32 433 8
5 6 9 64 893 9
5 6 7 10 127 7
5 6 8 35 494 8
5 6 8 32 473 8
5 6 8 59 818 8
5 6 10 202 2975 10
5 6 8 19 262 8
5 6 9 39 506 9
5 6 7 9 128 7
5 6 7 15 210 7
5 6 8 31 414 8
5 6 8 23 310 8
5 6 7 19 210 7
5 6 9 36 509 9
5 6 9 37 516 8
5 6 10 231 3054 10
5 6 8 15 206 9
5 6 9 2132 23529 7
5 6 8 18 243 8
5 6 7 7 102 8
5 6 8 23 350 7
5 6 7 14 175 7
5 6 10 131 1714 8
5 6 8 43 478 8
5 6 8 32 477 8
5 6 7 14 195 7
5 6 9 34 467 10
5 6 7 39 506 7
5 6 8 32 425 8
5 6 10 140 1781 11
5 6 8 36 505 8
5 6 6 6 79 6
5 6 7 21 316 7
5 6 6 6 79 6
5 6 8 15 186 8
5 6 9 29 412 9
5 6 8 34 479 8
5 6 8 21 276 8
5 6 9 57 864 9
5 6 8 19 250 8
5 6 8 34 503 8
5 6 10 61 844 12
5 6 10 56 853 10
5 6 9 26 367 9
5 6 8 19 262 9
5 6 8 31 462 8
5 6 7 32 441 8
5 6 6 6 79 6
5 6 8 19 246 8
5 6 9 34 499 9
5 6 9 67 858 10
5 6 8 33 448 8
5 6 5 5 68 5
5 6 8 20 281 8
5 6 8 17 244 8
5 6 6 6 75 6
5 6 8 34 439 8
5 6 5 5 72 5
5 6 9 65 932 9
5 6 8 33 456 8
5 6 8 11 142 8
5 6 9 242 3211 7
5 6 8 19 246 8
5 6 7 7 90 7
5 6 10 2521 28988 8
5 6 9 64 869 10
5 6 9 57 856 9
5 6 6 15 214 6
5 6 10 145 1868 9
5 6 8 22 263 8
5 6 7 17 224 7
5 6 7 13 152 7
5 6 9 50 739 9
5 6 9 62 863 10
5 6 8 32 409 8
5 6 9 198 2031 7
5 6 9 229 2648 9
5 6 7 17 224 7
5 6 7 15 198 7
5 6 9 36 497 10
5 6 8 38 515 8
5 6 8 10 143 9
5 6 7 7 90 7
5 6 7 19 262 7
5 6 9 2948 29809 6
5 6 8 37 476 8
5 6 9 54 763 10
5 6 7 26 359 8
5 6 9 191 2166 7
5 6 9 2348 29465 5
5 6 6 6 75 6
5 6 8 17 260 8
5 6 9 60 881 8
5 6 7 14 159 8
5 6 8 29 400 8
5 6 5 5 48 5
5 6 6 6 79 6
5 6 5 5 60 5
5 6 7 25 364 7
