5 7 10 58 835 10
5 7 12 600 7409 12
5 7 9 36 501 9
5 7 10 25 368 10
5 7 10 13 196 10
5 7 8 12 169 8
5 7 11 49 724 11
5 7 8 8 89 9
5 7 10 81 1168 8
5 7 8 28 377 8
5 7 9 43 518 9
5 7 8 19 286 8
5 7 10 36 565 10
5 7 10 36 505 10
5 7 10 13 188 10
5 7 10 60 985 9
5 7 9 61 844 10
5 7 11 534 6343 10
5 7 11 120 1717 10
5 7 9 30 427 9
5 7 11 58 799 14
5 7 11 217 3368 9
5 7 7 7 90 7
5 7 11 64 1025 11
5 7 8 12 165 8
5 7 9 18 259 9
5 7 8 31 414 8
5 7 10 31 490 10
5 7 10 35 506 11
5 7 9 21 256 9
5 7 12 1030 14903 12
5 7 9 18 223 10
5 7 10 64 857 10
5 7 10 66 971 11
5 7 8 18 259 8
5 7 9 14 215 10
5 7 10 128 1481 11
5 7 12 132 2001 12
5 7 10 51 782 10
5 7 7 16 245 8
5 7 10 66 955 9
5 7 9 35 506 9
5 7 10 54 719 10
5 7 9 33 400 9
5 7 11 118 1715 12
5 7 10 2485 28000 8
5 7 10 84 1037 10
5 7 10 59 970 9
5 7 10 12 169 10
5 7 10 105 1596 9
5 7 11 32 489 12
5 7 9 9 116 11
5 7 9 21 320 9
5 7 11 61 984 11
5 7 9 37 484 9
5 7 9 30 447 9
5 7 10 1905 24620 8
5 7 10 23 302 11
5 7 8 18 259 8
5 7 10 55 822 10
5 7 11 991 14806 9
5 7 11 1243 14970 10
5 7 9 23 318 9
5 7 6 11 126 6
5 7 9 19 282 10
5 7 10 143 2042 10
5 7 11 111 1438 12
5 7 10 216 3197 8
5 7 10 142 2015 9
5 7 8 20 277 8
5 7 10 19 246 10
5 7 9 36 513 9
5 7 9 19 234 11
5 7 11 802 12507 9
5 7 9 71 838 9
5 7 9 25 348 9
5 7 10 68 1069 9
5 7 11 133 1824 11
5 7 9 9 120 11
5 7 9 18 251 9
5 7 10 63 1022 9
5 7 10 119 1818 9
5 7 8 8 113 8
5 7 9 31 490 9
5 7 10 57 812 12
5 7 11 51 806 11
5 7 8 15 238 9
5 7 10 28 385 12
5 7 11 104 1653 11
5 7 9 26 375 10
5 7 8 19 226 8
5 7 10 118 1683 9
5 7 11 64 933 11
5 7 9 32 469 9
5 7 11 56 921 11
5 7 10 56 841 10
5 7 8 8 113 9
5 7 6 6 87 6
5 7 10 23 318 10
5 7 7 10000 98185 7
