5 10 14 44 693 15
5 10 15 218 3859 16
5 10 15 1967 29266 14
5 10 15 109 1760 14
5 10 16 369 6320 18
5 10 16 228 3857 16
5 10 17 1638 26755 16
5 10 15 77 1324 16
5 10 12 56 965 12
5 10 15 106 1783 17
5 10 13 94 1683 13
5 10 18 3377 47780 19
5 10 13 60 953 12
5 10 15 3024 52177 12
5 10 14 31 470 14
5 10 18 1492 23961 18
5 10 16 118 1955 16
5 10 17 3157 49104 17
5 10 16 112 1905 18
5 10 16 343 5634 16
5 10 14 61 1028 16
5 10 17 383 6350 16
5 10 14 162 2231 13
5 10 16 411 6710 15
5 10 15 737 10976 16
5 10 15 209 3356 17
5 10 8 10000 145929 14
5 10 13 31 458 13
